time	V(vout)
0.000000000000000e+00	2.011625e-01
2.769258766181947e-06	3.047954e-01
5.538517532363895e-06	4.012587e-01
8.307776298545842e-06	4.905522e-01
1.107703506472779e-05	5.726761e-01
1.384629383090974e-05	6.476304e-01
1.661555259709168e-05	7.154149e-01
1.938481136327362e-05	7.760298e-01
2.744744053153841e-05	9.261271e-01
3.721306553153841e-05	1.083632e+00
4.697869053153841e-05	1.265683e+00
5.397632921540298e-05	1.436138e+00
5.873704043124487e-05	1.576380e+00
6.167813906979103e-05	1.673003e+00
6.640762440333286e-05	1.843140e+00
7.373915550954896e-05	2.135298e+00
8.350478050954895e-05	2.547113e+00
9.327040550954895e-05	2.933102e+00
1.013670383459290e-04	3.197548e+00
1.090538956602863e-04	3.385934e+00
1.130838212257521e-04	3.459716e+00
1.194406247866543e-04	3.545465e+00
1.385057081574654e-04	3.691938e+00
1.479556382160888e-04	3.791399e+00
1.568798532923725e-04	3.943945e+00
1.661894498427464e-04	4.166430e+00
1.845384846250083e-04	4.681174e+00
1.943041096250083e-04	4.899042e+00
2.028556510073129e-04	5.011882e+00
2.080928079161578e-04	5.039994e+00
2.132814132190540e-04	5.038854e+00
2.212149084318611e-04	4.992320e+00
2.407461584318611e-04	4.806219e+00
2.510264113855912e-04	4.770010e+00
2.602644388825889e-04	4.803674e+00
2.772013235004786e-04	4.962586e+00
2.869669485004786e-04	5.028574e+00
2.952795678225498e-04	5.022078e+00
3.029584869257279e-04	4.948545e+00
3.129437215132187e-04	4.757552e+00
3.317527397520315e-04	4.235804e+00
3.415183647520315e-04	3.983627e+00
3.509005339801347e-04	3.803534e+00
3.599746793937958e-04	3.692685e+00
3.781552712868623e-04	3.555357e+00
3.879208962868623e-04	3.435167e+00
3.943177983454341e-04	3.309790e+00
4.020172879193329e-04	3.101150e+00
4.070602402167720e-04	2.931858e+00
4.148063146644584e-04	2.632486e+00
4.245719396644584e-04	2.221186e+00
4.343375646644584e-04	1.824763e+00
4.418345646904598e-04	1.560897e+00
4.467819745110724e-04	1.412968e+00
4.495336746087480e-04	1.340109e+00
4.539693318727780e-04	1.236059e+00
4.608993281933176e-04	1.101115e+00
4.706649531933177e-04	9.413205e-01
4.804305781933177e-04	7.684415e-01
4.890521766511472e-04	5.651981e-01
4.931184664525377e-04	4.461130e-01
4.946623349443209e-04	3.967068e-01
4.969999131279210e-04	3.175332e-01
5.007845340077914e-04	1.786023e-01
5.067852081207729e-04	-6.574909e-02
5.156961930045253e-04	-4.650845e-01
5.254618180045253e-04	-9.094501e-01
5.352274430045253e-04	-1.307184e+00
5.406908713826298e-04	-1.493866e+00
5.449555068279029e-04	-1.618838e+00
5.483797997544535e-04	-1.706067e+00
5.538456444058238e-04	-1.823122e+00
5.621261681729103e-04	-1.960678e+00
5.718917931729103e-04	-2.097946e+00
5.816574181729103e-04	-2.259672e+00
5.882893342591721e-04	-2.405637e+00
5.959902935015369e-04	-2.621273e+00
6.009151462901142e-04	-2.783883e+00
6.182724171470684e-04	-3.436875e+00
6.280380421470684e-04	-3.777956e+00
6.357654532201611e-04	-3.991732e+00
6.434612742223614e-04	-4.140966e+00
6.477487557584686e-04	-4.196327e+00
6.544718288249015e-04	-4.248678e+00
6.739075649697826e-04	-4.291970e+00
6.828175941697996e-04	-4.341295e+00
6.910764209808781e-04	-4.437591e+00
7.007136483897286e-04	-4.612017e+00
7.192901644946957e-04	-5.015640e+00
7.290557894946957e-04	-5.164084e+00
7.369634495869833e-04	-5.212767e+00
7.424080811715511e-04	-5.204673e+00
7.477899284162639e-04	-5.165509e+00
7.559666938922918e-04	-5.059403e+00
7.754979438922918e-04	-4.744074e+00
7.851487438013298e-04	-4.648753e+00
7.948403902660155e-04	-4.622287e+00
8.120753640349095e-04	-4.672995e+00
8.218409890349095e-04	-4.671165e+00
8.297449100063060e-04	-4.610104e+00
8.374370837543107e-04	-4.485082e+00
8.416047643458189e-04	-4.390161e+00
8.481584829900772e-04	-4.207527e+00
8.674266403209916e-04	-3.559952e+00
8.765938631966148e-04	-3.281951e+00
8.851543244732179e-04	-3.078954e+00
8.888197532397262e-04	-3.010205e+00
8.946449900660255e-04	-2.920468e+00
9.131207553654385e-04	-2.699732e+00
9.228863803654385e-04	-2.533960e+00
9.287408969239577e-04	-2.393664e+00
9.331228859366680e-04	-2.265481e+00
9.364349813698131e-04	-2.155527e+00
9.417316814132103e-04	-1.958305e+00
9.498020294278283e-04	-1.618759e+00
9.595676544278283e-04	-1.181428e+00
9.693332794278283e-04	-7.684077e-01
9.763182752345764e-04	-5.139558e-01
9.792618671628605e-04	-4.198205e-01
9.810744505935941e-04	-3.658857e-01
9.840200899537772e-04	-2.847054e-01
9.887565862472228e-04	-1.699926e-01
9.960975493630967e-04	-2.367694e-02
1.005863174363097e-03	1.412917e-01
1.015628799363097e-03	3.221257e-01
1.023712450552203e-03	5.181577e-01
1.027365006620521e-03	6.254751e-01
1.028900863526955e-03	6.742956e-01
1.031399714652039e-03	7.583544e-01
1.035439163856801e-03	9.058155e-01
1.041809654192065e-03	1.163341e+00
1.060889130398370e-03	1.997753e+00
1.070319997215936e-03	2.353768e+00
1.076998597161817e-03	2.555004e+00
1.082816167570113e-03	2.692494e+00
1.088541046219156e-03	2.796269e+00
1.097133621991864e-03	2.908812e+00
1.106899246991864e-03	3.012871e+00
1.116664871991864e-03	3.143305e+00
1.125190895858687e-03	3.310133e+00
1.130436455755698e-03	3.441967e+00
1.135632919543936e-03	3.592556e+00
1.153342054112310e-03	4.175418e+00
1.163107679112310e-03	4.458753e+00
1.170297577686819e-03	4.612851e+00
1.177998960745254e-03	4.714455e+00
1.182619354912624e-03	4.744271e+00
1.189803213435242e-03	4.751770e+00
1.209334463435242e-03	4.674438e+00
1.221439826569710e-03	4.689712e+00
1.229188948194148e-03	4.755828e+00
1.244391644892184e-03	4.977667e+00
1.254157269892184e-03	5.118178e+00
1.263899143114864e-03	5.193496e+00
1.273243529971745e-03	5.171590e+00
1.282337440592053e-03	5.057186e+00
1.290766703737186e-03	4.887971e+00
1.310297953737186e-03	4.447081e+00
1.319273570880256e-03	4.304093e+00
1.329424137604235e-03	4.215339e+00
1.346952000005083e-03	4.162081e+00
1.356717625005083e-03	4.097993e+00
1.364190017126378e-03	3.993422e+00
1.371889391560306e-03	3.822740e+00
1.376340365465413e-03	3.695251e+00
1.383291586136315e-03	3.460774e+00
1.402822836136315e-03	2.710843e+00
1.411418022170531e-03	2.419739e+00
1.416997675633172e-03	2.261945e+00
1.423128355205982e-03	2.119032e+00
1.429136647698954e-03	2.006301e+00
1.447821841535968e-03	1.723357e+00
1.457587466535968e-03	1.526394e+00
1.463033760350178e-03	1.380335e+00
1.467293372305920e-03	1.245494e+00
1.470722444679425e-03	1.123996e+00
1.476195468311159e-03	9.084475e-01
1.484484802816561e-03	5.443580e-01
1.494250427816561e-03	9.561951e-02
1.504016052816561e-03	-3.209746e-01
1.510632789653817e-03	-5.617841e-01
1.513368711334278e-03	-6.492652e-01
1.515260561088699e-03	-7.054787e-01
1.518333673514790e-03	-7.894468e-01
1.523266320141394e-03	-9.063880e-01
1.530868223786068e-03	-1.051853e+00
1.540633848786068e-03	-1.208370e+00
1.550399473786068e-03	-1.381132e+00
1.558111842050560e-03	-1.559976e+00
1.563144751114929e-03	-1.703899e+00
1.565807925780838e-03	-1.789076e+00
1.570105355092860e-03	-1.938889e+00
1.576842409143863e-03	-2.199258e+00
1.586526053451859e-03	-2.601753e+00
1.596291678451859e-03	-2.991880e+00
1.605179914742313e-03	-3.288958e+00
1.611111543069515e-03	-3.443073e+00
1.617143691813044e-03	-3.561030e+00
1.623063268574463e-03	-3.642176e+00
1.631882161645604e-03	-3.716999e+00
1.641647786645604e-03	-3.776564e+00
1.651413411645604e-03	-3.863533e+00
1.661376954699758e-03	-4.019186e+00
1.670138484244273e-03	-4.217827e+00
1.688089240167504e-03	-4.706753e+00
1.697854865167504e-03	-4.926142e+00
1.707483663004198e-03	-5.052458e+00
1.712350739778399e-03	-5.076333e+00
1.717190696054313e-03	-5.074525e+00
1.724670008747568e-03	-5.030078e+00
1.744201258747568e-03	-4.824427e+00
1.755606717979900e-03	-4.766920e+00
1.763961026419746e-03	-4.785232e+00
1.780045351533723e-03	-4.916821e+00
1.789810976533723e-03	-4.984783e+00
1.798957444418364e-03	-4.983459e+00
1.807492608740283e-03	-4.901241e+00
1.816995686061223e-03	-4.716156e+00
1.825714422413179e-03	-4.481773e+00
1.835480047413179e-03	-4.191739e+00
1.845245672413179e-03	-3.925818e+00
1.853416888146618e-03	-3.751484e+00
1.858777714208311e-03	-3.665762e+00
1.864081704716762e-03	-3.601401e+00
1.881926837562296e-03	-3.453940e+00
1.891692462562296e-03	-3.335284e+00
1.898662425867771e-03	-3.200135e+00
1.906364242870507e-03	-2.991271e+00
1.911109050020104e-03	-2.832385e+00
1.918461184675956e-03	-2.549478e+00
1.937992434675956e-03	-1.730696e+00
1.946060670826341e-03	-1.438201e+00
1.951242407087896e-03	-1.279266e+00
1.953748408372486e-03	-1.211035e+00
1.957799119147824e-03	-1.112163e+00
1.964185780058760e-03	-9.811279e-01
1.983282208225745e-03	-6.561965e-01
1.992690437712307e-03	-4.455423e-01
1.997483864028155e-03	-3.088533e-01
1.999334854682931e-03	-2.501765e-01
2.001558586928240e-03	-1.753391e-01
2.005162423457273e-03	-4.431776e-02
2.010896418706434e-03	1.863838e-01
2.019499752704618e-03	5.683880e-01
2.029265377704618e-03	1.013302e+00
2.039031002704618e-03	1.416502e+00
2.045086088980257e-03	1.626367e+00
2.049530414505356e-03	1.757079e+00
2.052782449454540e-03	1.840136e+00
2.057988128495015e-03	1.952581e+00
2.065943368482408e-03	2.085815e+00
2.075708993482408e-03	2.219738e+00
2.085474618482408e-03	2.372098e+00
2.092645819922527e-03	2.522076e+00
2.100347275104628e-03	2.730391e+00
2.104978488401117e-03	2.878543e+00
2.112177067989408e-03	3.134932e+00
2.121942692989408e-03	3.503597e+00
2.131708317989408e-03	3.845065e+00
2.139984731423908e-03	4.075490e+00
2.147665144752819e-03	4.224167e+00
2.151559277305072e-03	4.274882e+00
2.157719779991314e-03	4.324979e+00
2.176574007399838e-03	4.356281e+00
2.186287375625387e-03	4.391805e+00
2.195588390989470e-03	4.485863e+00
2.204704912668625e-03	4.639235e+00
2.222916120669354e-03	5.019758e+00
2.232681745669354e-03	5.169179e+00
2.241612907280413e-03	5.222764e+00
2.246723163639029e-03	5.212418e+00
2.251792772392068e-03	5.174191e+00
2.259573401304088e-03	5.071512e+00
2.279104651304088e-03	4.735585e+00
2.289770612586682e-03	4.614779e+00
2.298716945216070e-03	4.578359e+00
2.315457843987130e-03	4.609947e+00
2.325223468987130e-03	4.608491e+00
2.333788544158180e-03	4.544794e+00
2.341678261328337e-03	4.416378e+00
2.345473954248919e-03	4.330060e+00
2.351490847700735e-03	4.164208e+00
2.360420093613442e-03	3.870425e+00
2.370185718613442e-03	3.527070e+00
2.379951343613442e-03	3.213964e+00
2.387514768129528e-03	3.017421e+00
2.393066685512872e-03	2.902994e+00
2.398547798014560e-03	2.812554e+00
2.416612674092495e-03	2.586883e+00
2.426378299092495e-03	2.426361e+00
2.432977914556583e-03	2.271902e+00
2.437599882776784e-03	2.137283e+00
2.440678709968502e-03	2.035452e+00
2.445620119290045e-03	1.853179e+00
2.453233544760437e-03	1.535843e+00
2.462999169760437e-03	1.097106e+00
2.472764794760437e-03	6.752286e-01
2.480460222347760e-03	3.868994e-01
2.483844421445131e-03	2.767133e-01
2.485486287404324e-03	2.271352e-01
2.488156593454120e-03	1.518778e-01
2.492465178167616e-03	4.386398e-02
2.499217895368140e-03	-9.697052e-02
2.508916645679291e-03	-2.636822e-01
2.518682270679291e-03	-4.368923e-01
2.527545992409716e-03	-6.409545e-01
2.531818080988886e-03	-7.629856e-01
2.535753069548162e-03	-8.902155e-01
2.539487764444396e-03	-1.023697e+00
2.545415137567611e-03	-1.257795e+00
2.564008565465324e-03	-2.066311e+00
2.573774190465324e-03	-2.443262e+00
2.581633066072861e-03	-2.683121e+00
2.587093048395137e-03	-2.811795e+00
2.592489126875324e-03	-2.910417e+00
2.600683557686199e-03	-3.018377e+00
2.610449182686199e-03	-3.117261e+00
2.620214807686199e-03	-3.235292e+00
2.629819117079728e-03	-3.411147e+00
2.634694964738106e-03	-3.528705e+00
2.639543239853727e-03	-3.663220e+00
2.656799232848104e-03	-4.216344e+00
2.666564857848104e-03	-4.501112e+00
2.674438812599428e-03	-4.671823e+00
2.682131682442553e-03	-4.772948e+00
2.686320113198886e-03	-4.800402e+00
2.692903293299770e-03	-4.809347e+00
2.712201081626761e-03	-4.718548e+00
2.721324476621329e-03	-4.700731e+00
2.729831726169244e-03	-4.736000e+00
2.739348473469074e-03	-4.836416e+00
2.757842288694028e-03	-5.098632e+00
2.767607913694028e-03	-5.174889e+00
2.775752266257255e-03	-5.164263e+00
2.781121703189425e-03	-5.115796e+00
2.786433705951550e-03	-5.037508e+00
2.794523270149159e-03	-4.872517e+00
2.814054520149159e-03	-4.410907e+00
2.823933231947480e-03	-4.240308e+00
2.833463678323031e-03	-4.145566e+00
2.850593676436465e-03	-4.077986e+00
2.860359301436465e-03	-4.014153e+00
2.868410601498331e-03	-3.903007e+00
2.876098847368876e-03	-3.732594e+00
2.880161872298256e-03	-3.616915e+00
2.886566197966795e-03	-3.403421e+00
2.905681078856009e-03	-2.659900e+00
2.915064438012184e-03	-2.327254e+00
2.921671645653707e-03	-2.133343e+00
2.927510077334685e-03	-1.993055e+00
2.933253972610294e-03	-1.880592e+00
2.951634596661709e-03	-1.595766e+00
2.961400221661709e-03	-1.403631e+00
2.967433644730172e-03	-1.244818e+00
2.971871162345642e-03	-1.105102e+00
2.975129773469079e-03	-9.902031e-01
2.980345434464071e-03	-7.864964e-01
2.988313365067848e-03	-4.391646e-01
2.998078990067848e-03	1.025492e-02
3.007844615067847e-03	4.326270e-01
3.014995531222300e-03	6.973156e-01
3.018036957483770e-03	7.953116e-01
3.019811951807061e-03	8.483003e-01
3.022697056869835e-03	9.278930e-01
3.027339955818068e-03	1.039873e+00
3.034554416953620e-03	1.181011e+00
3.044320041953619e-03	1.337107e+00
3.054085666953619e-03	1.502448e+00
3.062340918328392e-03	1.685476e+00
3.067605047052520e-03	1.831708e+00
3.073932681046498e-03	2.039141e+00
3.080116968143802e-03	2.270619e+00
3.098997177836257e-03	3.035539e+00
3.108679635409319e-03	3.368278e+00
3.115760271051817e-03	3.553808e+00
3.121458829111020e-03	3.663820e+00
3.127074864596103e-03	3.740535e+00
3.135537805230665e-03	3.811198e+00
3.145303430230665e-03	3.863850e+00
3.155069055230665e-03	3.937444e+00
3.163952821412788e-03	4.057173e+00
3.174163803813696e-03	4.268934e+00
3.191729549905696e-03	4.731749e+00
3.201495174905696e-03	4.951186e+00
3.208909520052170e-03	5.060530e+00
3.216609457930004e-03	5.108873e+00
3.221096193798826e-03	5.106580e+00
3.228096847363358e-03	5.064992e+00
3.247628097363358e-03	4.841984e+00
3.260155556169582e-03	4.759829e+00
3.267820349837105e-03	4.765759e+00
3.282785679885504e-03	4.868526e+00
3.292551304885504e-03	4.936597e+00
3.302316929885504e-03	4.942388e+00
3.309850511908527e-03	4.880070e+00
3.315411619447985e-03	4.792836e+00
3.320901213583288e-03	4.674922e+00
3.329210850348570e-03	4.450179e+00
3.348742100348570e-03	3.872847e+00
3.358040503978010e-03	3.661752e+00
3.363024441125735e-03	3.576722e+00
3.367975017132402e-03	3.510498e+00
3.385366108004787e-03	3.353322e+00
3.395131733004787e-03	3.237837e+00
3.402809407413462e-03	3.092544e+00
3.407828322481207e-03	2.964660e+00
3.414826291865937e-03	2.742412e+00
3.421595331371040e-03	2.485671e+00
3.441075385822529e-03	1.659773e+00
3.449913449893316e-03	1.327396e+00
3.454163064979727e-03	1.190218e+00
3.458092165302797e-03	1.077866e+00
3.461832355948642e-03	9.835516e-01
3.467767811027005e-03	8.562715e-01
3.476604837511067e-03	7.013239e-01
3.486370462511067e-03	5.372727e-01
3.496136087511067e-03	3.292685e-01
3.501745698850879e-03	1.744408e-01
3.503968300598301e-03	1.048619e-01
3.506053583420620e-03	3.529217e-02
3.509436651830360e-03	-8.615751e-02
3.514840484963775e-03	-3.001837e-01
3.523044526969935e-03	-6.597765e-01
3.532810151969935e-03	-1.104625e+00
3.542575776969935e-03	-1.514273e+00
3.549338167030420e-03	-1.753029e+00
3.554015889799677e-03	-1.891551e+00
3.557039651115245e-03	-1.969269e+00
3.561896513788472e-03	-2.075857e+00
3.569398283323409e-03	-2.204119e+00
3.588929533323408e-03	-2.477754e+00
3.596787169285587e-03	-2.631797e+00
3.604480404461024e-03	-2.830994e+00
3.608680062703550e-03	-2.959978e+00
3.615279161568536e-03	-3.186037e+00
3.634592877238305e-03	-3.883909e+00
3.643692428781796e-03	-4.143973e+00
3.652171056788119e-03	-4.308675e+00
3.661701791905412e-03	-4.402176e+00
3.670439641019734e-03	-4.424190e+00
3.680205266019734e-03	-4.421741e+00
3.689970891019734e-03	-4.442869e+00
3.700138362675394e-03	-4.530937e+00
3.708786170989231e-03	-4.665572e+00
3.726651615718185e-03	-5.022781e+00
3.736417240718185e-03	-5.171658e+00
3.746269283113278e-03	-5.228462e+00
3.755818766147210e-03	-5.178944e+00
3.763195591658283e-03	-5.080284e+00
3.782726841658283e-03	-4.725494e+00
3.794377829339183e-03	-4.576896e+00
3.802525138974850e-03	-4.532535e+00
3.818315289412396e-03	-4.543659e+00
3.828080914412396e-03	-4.543899e+00
3.837438893945598e-03	-4.480638e+00
3.846240649734670e-03	-4.337600e+00
3.855611760189539e-03	-4.094031e+00
3.864238500678815e-03	-3.807867e+00
3.874004125678815e-03	-3.457458e+00
3.883769750678815e-03	-3.132339e+00
3.892200355826460e-03	-2.903931e+00
3.897477200392086e-03	-2.790716e+00
3.902702898256161e-03	-2.699484e+00
3.920449197720803e-03	-2.467564e+00
3.930214822720803e-03	-2.309418e+00
3.937345308009987e-03	-2.144868e+00
3.942154224866719e-03	-2.005001e+00
3.945046896575429e-03	-1.909465e+00
3.949701510376879e-03	-1.738904e+00
3.956931873343957e-03	-1.439904e+00
3.966697498343956e-03	-1.000593e+00
3.976463123343956e-03	-5.720603e-01
3.984697100751750e-03	-2.565991e-01
3.988459914040759e-03	-1.322264e-01
3.989951700790625e-03	-8.662054e-02
3.992379177955081e-03	-1.689496e-02
3.996306039927923e-03	8.453168e-02
4.002514049718517e-03	2.195589e-01
4.011654431389153e-03	3.809920e-01
4.021420056389152e-03	5.475744e-01
4.031071403192885e-03	7.563773e-01
4.036131218722672e-03	8.956913e-01
4.040279920764970e-03	1.027294e+00
4.043814080124922e-03	1.151481e+00
4.049444390641448e-03	1.369688e+00
4.067690082561160e-03	2.156543e+00
4.077455707561160e-03	2.538017e+00
4.083736160630427e-03	2.739470e+00
4.088252443163017e-03	2.858955e+00
4.091434703482169e-03	2.930273e+00
4.096534236156485e-03	3.023868e+00
4.104353520610868e-03	3.127342e+00
4.123884770610868e-03	3.328533e+00
4.131269554804968e-03	3.445702e+00
4.138969747990770e-03	3.613487e+00
4.143474501051168e-03	3.732823e+00
4.160265618848789e-03	4.255190e+00
4.170031243848789e-03	4.540257e+00
4.178532840156094e-03	4.726481e+00
4.186358454361670e-03	4.828706e+00
4.196201080796113e-03	4.863307e+00
4.214915983742461e-03	4.764326e+00
4.224681608742461e-03	4.726557e+00
4.234310544879486e-03	4.750605e+00
4.243253994639357e-03	4.832834e+00
4.261339344513829e-03	5.073647e+00
4.271104969513829e-03	5.151700e+00
4.280376358113993e-03	5.138964e+00
4.285369712678405e-03	5.091543e+00
4.290329182470557e-03	5.017704e+00
4.297966317929954e-03	4.861320e+00
4.317497567929954e-03	4.380135e+00
4.328519044298546e-03	4.173803e+00
4.337186404470654e-03	4.076076e+00
4.353700741115212e-03	3.993795e+00
4.363466366115212e-03	3.932327e+00
4.372279525111216e-03	3.815877e+00
4.380430918456820e-03	3.636370e+00
4.384176394885171e-03	3.529888e+00
4.390119620093319e-03	3.333402e+00
4.398965502153322e-03	2.995719e+00
4.408731127153322e-03	2.602695e+00
4.418496752153321e-03	2.241958e+00
4.424088995347892e-03	2.066118e+00
4.428391704133910e-03	1.949103e+00
4.431779713402142e-03	1.868123e+00
4.437190987241674e-03	1.757225e+00
4.445404241553792e-03	1.620498e+00
4.455169866553792e-03	1.471392e+00
4.464935491553791e-03	1.285546e+00
4.471682287732366e-03	1.112701e+00
4.474490142102245e-03	1.027785e+00
4.476354611891612e-03	9.670740e-01
4.479383721119478e-03	8.612272e-01
4.484248805698521e-03	6.737943e-01
4.491761480931607e-03	3.505957e-01
4.501527105931606e-03	-9.839251e-02
4.511292730931606e-03	-5.277235e-01
4.519134715531902e-03	-8.246211e-01
4.522617620126018e-03	-9.381379e-01
4.526828292161174e-03	-1.059402e+00
4.531038671224233e-03	-1.163796e+00
4.537652955854980e-03	-1.298452e+00
4.556981810922490e-03	-1.609623e+00
4.566058511491712e-03	-1.797540e+00
4.572233895327534e-03	-1.963007e+00
4.578196885239542e-03	-2.153960e+00
4.584053931771276e-03	-2.367695e+00
4.602566559336325e-03	-3.109322e+00
4.612332184336325e-03	-3.449114e+00
4.620422964460702e-03	-3.661974e+00
4.625809526484738e-03	-3.764392e+00
4.631137455279783e-03	-3.836716e+00
4.639246976338535e-03	-3.903430e+00
4.658778226338534e-03	-4.010834e+00
4.668605007716870e-03	-4.130420e+00
4.678172479171813e-03	-4.317321e+00
4.695326682813250e-03	-4.752825e+00
4.705092307813250e-03	-4.971802e+00
4.713109960518155e-03	-5.090582e+00
4.720799180249794e-03	-5.137473e+00
4.724886490226813e-03	-5.135281e+00
4.731325599980090e-03	-5.098347e+00
4.750476615155314e-03	-4.865544e+00
4.759810572900360e-03	-4.773861e+00
4.768581025632030e-03	-4.741767e+00
4.777967767844232e-03	-4.768219e+00
4.796371099186576e-03	-4.889896e+00
4.806136724186576e-03	-4.895556e+00
4.814536599482017e-03	-4.824153e+00
4.819823473828564e-03	-4.738358e+00
4.825058536222241e-03	-4.624267e+00
4.833051085852918e-03	-4.405806e+00
4.852582335852918e-03	-3.809914e+00
4.862711592257547e-03	-3.567840e+00
4.872060880814107e-03	-3.415574e+00
4.879306020038656e-03	-3.335851e+00
4.889071645038655e-03	-3.248202e+00
4.898837270038655e-03	-3.133537e+00
4.907051403052520e-03	-2.980383e+00
4.912297151604950e-03	-2.846748e+00
4.918676247327610e-03	-2.645405e+00
4.924906218418177e-03	-2.412426e+00
4.934070376133496e-03	-2.026417e+00
4.943836001133496e-03	-1.603647e+00
4.953458298965495e-03	-1.227517e+00
4.958484951781227e-03	-1.059796e+00
4.962624339946701e-03	-9.388030e-01
4.966167288743703e-03	-8.473879e-01
4.971810705468495e-03	-7.225728e-01
4.980306463559401e-03	-5.692006e-01
4.990072088559401e-03	-4.059281e-01
4.999837713559401e-03	-2.050787e-01
5.006089835373138e-03	-3.728702e-02
5.008631549661831e-03	4.135164e-02
5.010596955534415e-03	1.063690e-01
5.013788128221151e-03	2.195635e-01
5.018901242828770e-03	4.190482e-01
5.026738025115406e-03	7.579351e-01
5.036503650115406e-03	1.201535e+00
5.046269275115406e-03	1.615837e+00
5.053626950889260e-03	1.879441e+00
5.058520721099869e-03	2.025099e+00
5.061327360045092e-03	2.097569e+00
5.065848522103292e-03	2.198197e+00
5.072896598571994e-03	2.321327e+00
5.092427848571994e-03	2.584251e+00
5.100900627538889e-03	2.739462e+00
5.108697498993635e-03	2.932366e+00
5.112510839481325e-03	3.044781e+00
5.118553557025106e-03	3.243471e+00
5.137277393574398e-03	3.912570e+00
5.147043018574398e-03	4.200285e+00
5.154521168285512e-03	4.356379e+00
5.160099301131763e-03	4.432354e+00
5.165604598946632e-03	4.475807e+00
5.173933431147565e-03	4.495576e+00
5.193464681147565e-03	4.492019e+00
5.202711649069044e-03	4.551163e+00
5.212680989489016e-03	4.686010e+00
5.230094263231796e-03	5.017324e+00
5.239859888231796e-03	5.167075e+00
5.247504720550562e-03	5.224964e+00
5.255201897618873e-03	5.216938e+00
5.259543504491692e-03	5.183057e+00
5.266342493719020e-03	5.093503e+00
5.285851150829262e-03	4.722981e+00
5.294641841750379e-03	4.584031e+00
5.302768759345157e-03	4.504197e+00
5.312469136883873e-03	4.470810e+00
5.331088552218526e-03	4.475324e+00
5.340854177218525e-03	4.415459e+00
5.348637829672946e-03	4.299598e+00
5.354121385767121e-03	4.177614e+00
5.359539300652909e-03	4.026744e+00
5.367760769111491e-03	3.753495e+00
5.377526394111490e-03	3.397039e+00
5.387292019111490e-03	3.059139e+00
5.394024882992638e-03	2.860897e+00
5.401726268243868e-03	2.679587e+00
5.406598676291802e-03	2.589157e+00
5.414121056955071e-03	2.477448e+00
5.423886681955071e-03	2.351906e+00
5.433652306955070e-03	2.198062e+00
5.441480327964454e-03	2.022285e+00
5.446560526177291e-03	1.875842e+00
5.449174201941663e-03	1.790223e+00
5.453394106844826e-03	1.637987e+00
5.460021872553821e-03	1.368854e+00
5.479364122744680e-03	5.033579e-01
5.488420451596613e-03	1.446403e-01
5.492866767065690e-03	-5.904246e-03
5.494568757905722e-03	-5.857836e-02
5.496847766820048e-03	-1.247966e-01
5.500539469645655e-03	-2.218788e-01
5.506403508443424e-03	-3.527849e-01
5.515158587722790e-03	-5.106562e-01
5.524924212722790e-03	-6.739070e-01
5.534689837722789e-03	-8.751377e-01
5.540458453282078e-03	-1.028263e+00
5.544814206554637e-03	-1.163707e+00
5.548151479897066e-03	-1.278901e+00
5.553486239145990e-03	-1.481555e+00
5.561604306243631e-03	-1.821792e+00
5.571369931243630e-03	-2.245063e+00
5.581135556243630e-03	-2.630311e+00
5.588041887496223e-03	-2.854442e+00
5.592770037465465e-03	-2.979374e+00
5.600523360419198e-03	-3.134094e+00
5.607922271414795e-03	-3.233118e+00
5.627453521414794e-03	-3.419777e+00
5.635456750341866e-03	-3.535680e+00
5.643146373149852e-03	-3.693492e+00
5.653697916961840e-03	-3.980060e+00
5.672864210750038e-03	-4.559298e+00
5.682176997749366e-03	-4.769655e+00
5.690920090357331e-03	-4.883612e+00
5.700320465057834e-03	-4.912915e+00
5.708967719723896e-03	-4.875272e+00
5.728498969723895e-03	-4.750850e+00
5.738890876185874e-03	-4.761904e+00
5.747410858576974e-03	-4.829492e+00
5.765179352258713e-03	-5.049438e+00
5.774944977258713e-03	-5.125949e+00
5.785047732301607e-03	-5.109122e+00
5.794416384342267e-03	-4.990970e+00
5.801674331092364e-03	-4.841001e+00
5.821205581092364e-03	-4.342347e+00
5.829402454181117e-03	-4.166972e+00
5.837085911627186e-03	-4.047732e+00
5.847289983914491e-03	-3.955325e+00
5.866240223644605e-03	-3.850005e+00
5.875837236239133e-03	-3.731036e+00
5.882776505909309e-03	-3.587975e+00
5.888517217118776e-03	-3.430258e+00
5.894171872407930e-03	-3.243112e+00
5.902681060555483e-03	-2.917635e+00
5.912446685555483e-03	-2.519081e+00
5.922212310555483e-03	-2.147326e+00
5.928440101758753e-03	-1.944544e+00
5.932939380651204e-03	-1.818718e+00
5.936138174045754e-03	-1.739923e+00
5.941262896689615e-03	-1.630628e+00
5.949114610321072e-03	-1.494047e+00
5.958880235321072e-03	-1.342923e+00
5.968645860321072e-03	-1.161714e+00
5.975980315475856e-03	-9.781997e-01
5.979133374956411e-03	-8.835752e-01
5.980865267341335e-03	-8.274227e-01
5.983680896127021e-03	-7.299106e-01
5.988216028747336e-03	-5.575662e-01
5.995283303857782e-03	-2.578672e-01
6.005048928857782e-03	1.894922e-01
6.014814553857782e-03	6.243172e-01
6.023262702423693e-03	9.506488e-01
6.027189549247520e-03	1.080035e+00
6.031035180341198e-03	1.191923e+00
6.034853143310906e-03	1.288846e+00
6.040902619395896e-03	1.416675e+00
6.049868389441295e-03	1.565545e+00
6.059634014441295e-03	1.714500e+00
6.069399639441295e-03	1.901159e+00
6.076855468488412e-03	2.092290e+00
6.082440440310654e-03	2.266693e+00
6.087952042894153e-03	2.462315e+00
6.106054194445140e-03	3.177722e+00
6.115819819445140e-03	3.521858e+00
6.122354725476597e-03	3.704416e+00
6.130055154692920e-03	3.860399e+00
6.135029414804930e-03	3.928156e+00
6.142685929689208e-03	3.991665e+00
6.162217179689207e-03	4.081075e+00
6.173191003173321e-03	4.198994e+00
6.181896345721593e-03	4.357323e+00
6.198461622996296e-03	4.759755e+00
6.208227247996296e-03	4.979982e+00
6.216998968918096e-03	5.113576e+00
6.225105347200755e-03	5.162424e+00
6.234815508405359e-03	5.126035e+00
6.243675917170126e-03	5.025874e+00
6.263207167170126e-03	4.774391e+00
6.273065057267044e-03	4.722223e+00
6.281884638662932e-03	4.735188e+00
6.299878597369630e-03	4.838696e+00
6.309644222369629e-03	4.846231e+00
6.319159001381393e-03	4.765113e+00
6.324066764476164e-03	4.683504e+00
6.328945287899812e-03	4.576826e+00
6.336475766773407e-03	4.371077e+00
6.356007016773407e-03	3.757528e+00
6.363823361450788e-03	3.549877e+00
6.371517478860215e-03	3.391614e+00
6.375745321310854e-03	3.324450e+00
6.382384311658143e-03	3.242083e+00
6.401737682675257e-03	3.038215e+00
6.410776988190647e-03	2.877434e+00
6.416902808099424e-03	2.722740e+00
6.422879924786809e-03	2.533955e+00
6.428749761386060e-03	2.315856e+00
6.437511530480743e-03	1.947901e+00
6.447277155480742e-03	1.519994e+00
6.457042780480742e-03	1.126997e+00
6.462798530633046e-03	9.289607e-01
6.465091399463959e-03	8.583573e-01
6.467150377610335e-03	7.990649e-01
6.470491394885409e-03	7.109457e-01
6.475831808519695e-03	5.891961e-01
6.483956944197291e-03	4.378784e-01
6.493722569197290e-03	2.747801e-01
6.503488194197290e-03	8.095478e-02
6.510382798810313e-03	-9.848063e-02
6.513274249854580e-03	-1.867123e-01
6.515106799693703e-03	-2.467235e-01
6.518084571559704e-03	-3.508717e-01
6.522870634768166e-03	-5.343069e-01
6.530278076919612e-03	-8.492717e-01
6.540043701919612e-03	-1.290563e+00
6.549809326919611e-03	-1.709483e+00
6.557800618911649e-03	-2.000600e+00
6.562949324976313e-03	-2.155010e+00
6.569596740140438e-03	-2.314441e+00
6.576062816544889e-03	-2.431440e+00
6.595241660133790e-03	-2.680996e+00
6.604536930487794e-03	-2.836056e+00
6.611015144839076e-03	-2.982383e+00
6.616891070993117e-03	-3.144932e+00
6.622669098135252e-03	-3.329051e+00
6.641089797587390e-03	-3.975705e+00
6.650855422587389e-03	-4.264597e+00
6.659206523120458e-03	-4.437840e+00
6.664509271857959e-03	-4.507557e+00
6.669759147919049e-03	-4.547546e+00
6.677770453070244e-03	-4.564283e+00
6.697301703070244e-03	-4.540938e+00
6.707382765625458e-03	-4.591950e+00
6.716767231544031e-03	-4.707160e+00
6.733801251905550e-03	-5.013807e+00
6.743566876905549e-03	-5.161771e+00
6.751749628036955e-03	-5.223331e+00
6.759433593055060e-03	-5.213403e+00
6.769663773567921e-03	-5.100582e+00
6.788630598943519e-03	-4.727354e+00
6.798206911641326e-03	-4.558024e+00
6.807306767049946e-03	-4.454809e+00
6.816527098181195e-03	-4.411719e+00
6.834812752439580e-03	-4.402029e+00
6.844578377439580e-03	-4.343403e+00
6.853305429738180e-03	-4.212852e+00
6.858484362850633e-03	-4.095601e+00
6.863618444702486e-03	-3.951915e+00
6.871482181218282e-03	-3.689753e+00
6.891013431218281e-03	-2.979133e+00
6.898329129622544e-03	-2.754722e+00
6.906029839882627e-03	-2.565560e+00
6.910576200721305e-03	-2.476392e+00
6.917658886467066e-03	-2.363842e+00
6.927424511467065e-03	-2.233398e+00
6.937190136467065e-03	-2.082470e+00
6.945618426133490e-03	-1.897923e+00
6.951010388979311e-03	-1.743865e+00
6.953371350663065e-03	-1.667085e+00
6.957193014759286e-03	-1.531229e+00
6.963247900575772e-03	-1.289973e+00
6.972219713993374e-03	-8.923972e-01
6.981985338993374e-03	-4.490393e-01
6.991750963993374e-03	-4.825146e-02
6.997092205860016e-03	1.381531e-01
6.999188926071408e-03	2.039613e-01
7.001321222690035e-03	2.665648e-01
7.004779365486023e-03	3.590458e-01
7.010296007205870e-03	4.853627e-01
7.018638678448201e-03	6.394187e-01
7.028404303448201e-03	8.002570e-01
7.038169928448201e-03	9.915026e-01
7.044694113849376e-03	1.157576e+00
7.049290682203523e-03	1.297212e+00
7.052394477647859e-03	1.402130e+00
7.057374139981531e-03	1.586824e+00
7.065037724834135e-03	1.901263e+00
7.074803349834135e-03	2.321531e+00
7.084568974834135e-03	2.711225e+00
7.092190105872930e-03	2.962623e+00
7.097186398503032e-03	3.095062e+00
7.104244560868053e-03	3.237456e+00
7.111064968801218e-03	3.331874e+00
7.130593948007255e-03	3.505965e+00
7.139350527901675e-03	3.618760e+00
7.147440594236544e-03	3.773855e+00
7.157158516148257e-03	4.024510e+00
7.175789794531428e-03	4.577146e+00
7.185555419531428e-03	4.804193e+00
7.193304628033686e-03	4.915597e+00
7.198798939796231e-03	4.953363e+00
7.204226810326239e-03	4.959320e+00
7.212460578328408e-03	4.921849e+00
7.231991828328408e-03	4.774642e+00
7.243364086819777e-03	4.768739e+00
7.251288449709006e-03	4.820532e+00
7.268590955203085e-03	5.017413e+00
7.278356580203085e-03	5.094816e+00
7.286163678576477e-03	5.096531e+00
7.293857985424377e-03	5.031739e+00
7.298092095552901e-03	4.967818e+00
7.304739943561614e-03	4.832514e+00
7.324102069580700e-03	4.323742e+00
7.333127902265764e-03	4.114314e+00
7.341519446089267e-03	3.972089e+00
7.351092567134636e-03	3.873471e+00
7.369625218019171e-03	3.759346e+00
7.379390843019171e-03	3.642997e+00
7.387424429386264e-03	3.478599e+00
7.392829205221240e-03	3.328882e+00
7.398174060016828e-03	3.152171e+00
7.406304743799290e-03	2.841444e+00
7.416070368799290e-03	2.438338e+00
7.425835993799290e-03	2.055842e+00
7.432721380757839e-03	1.823739e+00
7.437442125441748e-03	1.687951e+00
7.440423141894150e-03	1.612249e+00
7.445214205596737e-03	1.505754e+00
7.452628334389513e-03	1.370406e+00
7.462393959389513e-03	1.216544e+00
7.472159584389512e-03	1.040477e+00
7.480141502853925e-03	8.466854e-01
7.483721547415067e-03	7.404972e-01
7.485286218392691e-03	6.901370e-01
7.487831705711126e-03	6.031284e-01
7.491944549397164e-03	4.498398e-01
7.498420155344056e-03	1.810869e-01
7.507843169150362e-03	-2.466318e-01
7.517608794150362e-03	-6.882104e-01
7.526890312421683e-03	-1.057857e+00
7.531554016786401e-03	-1.214677e+00
7.535593376913184e-03	-1.333024e+00
7.539230416041342e-03	-1.425912e+00
7.545013645642373e-03	-1.549534e+00
7.553674809114026e-03	-1.694296e+00
7.563440434114025e-03	-1.838999e+00
7.573206059114025e-03	-2.015678e+00
7.579153169877948e-03	-2.156480e+00
7.583563745264878e-03	-2.280381e+00
7.586848340541508e-03	-2.383352e+00
7.592103404852653e-03	-2.565171e+00
7.609886895197929e-03	-3.257211e+00
7.619652520197928e-03	-3.602415e+00
7.626723033555524e-03	-3.800700e+00
7.634424761426323e-03	-3.955458e+00
7.639113450775835e-03	-4.018843e+00
7.646389957124375e-03	-4.078884e+00
7.665921207124375e-03	-4.152266e+00
7.674092970317566e-03	-4.218344e+00
7.681777323625425e-03	-4.325495e+00
7.692027731835757e-03	-4.533662e+00
7.711007368289918e-03	-4.977351e+00
7.720567568560550e-03	-5.129274e+00
7.729644531003240e-03	-5.183691e+00
7.738876568101571e-03	-5.145373e+00
7.747404942508089e-03	-5.045671e+00
7.766936192508089e-03	-4.770947e+00
7.777617171153376e-03	-4.698694e+00
7.785968119569608e-03	-4.700253e+00
7.803606717699259e-03	-4.785427e+00
7.813372342699259e-03	-4.792490e+00
7.820673595204239e-03	-4.741631e+00
7.828374399938800e-03	-4.623878e+00
7.832929374216903e-03	-4.523700e+00
7.840023870067866e-03	-4.329895e+00
7.859555120067866e-03	-3.701025e+00
7.867968137396727e-03	-3.465642e+00
7.875706093294662e-03	-3.296761e+00
7.885589610668405e-03	-3.147171e+00
7.904331666243752e-03	-2.943667e+00
7.914097291243751e-03	-2.780456e+00
7.921521590544926e-03	-2.596209e+00
7.927116206943611e-03	-2.419395e+00
7.932636697505716e-03	-2.215675e+00
7.940984058958982e-03	-1.866828e+00
7.950749683958981e-03	-1.435097e+00
7.960515308958981e-03	-1.031465e+00
7.967031301115708e-03	-8.001885e-01
7.969712497466877e-03	-7.160314e-01
7.971625126704681e-03	-6.600547e-01
7.974731614029491e-03	-5.762171e-01
7.979715397388605e-03	-4.587912e-01
7.987384372445252e-03	-3.105813e-01
7.997149997445252e-03	-1.468545e-01
8.006915622445251e-03	3.935377e-02
8.014528716394111e-03	2.301234e-01
8.017858748110961e-03	3.299246e-01
8.019521811807631e-03	3.836679e-01
8.022226360174113e-03	4.765374e-01
8.026588460391181e-03	6.398271e-01
8.033416094667492e-03	9.233225e-01
8.043181719667492e-03	1.360528e+00
8.052947344667492e-03	1.784764e+00
8.061694265205950e-03	2.110832e+00
8.067452352170251e-03	2.285292e+00
8.073533270420367e-03	2.432513e+00
8.079496813514468e-03	2.543438e+00
8.088365795362026e-03	2.665028e+00
8.098131420362026e-03	2.780179e+00
8.107897045362026e-03	2.927348e+00
8.115636577847005e-03	3.092035e+00
8.121133906782155e-03	3.238770e+00
8.126564569234000e-03	3.405513e+00
8.144567408376562e-03	4.025065e+00
8.154333033376562e-03	4.317065e+00
8.163824293854418e-03	4.514579e+00
8.168740401738995e-03	4.577500e+00
8.173626828278161e-03	4.614509e+00
8.181167764388510e-03	4.630351e+00
8.200699014388510e-03	4.587935e+00
8.211955403766394e-03	4.627858e+00
8.220432750779232e-03	4.719694e+00
8.236688234522950e-03	4.993115e+00
8.246453859522950e-03	5.143037e+00
8.255471149602336e-03	5.216142e+00
8.263852736058752e-03	5.204843e+00
8.273430687154401e-03	5.097168e+00
8.282201029085385e-03	4.932397e+00
8.301732279085384e-03	4.531774e+00
8.311818353688426e-03	4.401948e+00
8.320511822660024e-03	4.350313e+00
8.338411628403722e-03	4.326191e+00
8.348177253403722e-03	4.269248e+00
8.355056824403949e-03	4.177184e+00
8.362758577534900e-03	4.012729e+00
8.367552791274572e-03	3.878564e+00
8.374971130391986e-03	3.631945e+00
8.394502380391985e-03	2.906448e+00
8.402478388819114e-03	2.651130e+00
8.410168749312972e-03	2.453462e+00
8.414285790787264e-03	2.367702e+00
8.420767389238347e-03	2.256368e+00
8.439962177187059e-03	1.978148e+00
8.449235026191639e-03	1.785082e+00
8.453890060826948e-03	1.658270e+00
8.457927072249729e-03	1.530530e+00
8.461566314395270e-03	1.401585e+00
8.467352806719458e-03	1.172531e+00
8.476017786297982e-03	7.902222e-01
8.485783411297982e-03	3.441816e-01
8.495549036297982e-03	-6.419183e-02
8.501488970488353e-03	-2.757259e-01
8.503872263035048e-03	-3.512437e-01
8.505897318676795e-03	-4.111027e-01
8.509184059068052e-03	-4.999962e-01
8.514442373589944e-03	-6.225299e-01
8.522464346324090e-03	-7.733333e-01
8.532229971324089e-03	-9.326147e-01
8.541995596324089e-03	-1.116317e+00
8.549059454465094e-03	-1.289843e+00
8.553844069024140e-03	-1.432096e+00
8.556761193722553e-03	-1.528796e+00
8.561453636239334e-03	-1.699006e+00
8.568735214787671e-03	-1.991583e+00
8.578500839787671e-03	-2.407650e+00
8.588266464787671e-03	-2.799254e+00
8.596431345376984e-03	-3.071202e+00
8.604115938970739e-03	-3.264641e+00
8.608095186242967e-03	-3.340336e+00
8.614378979079079e-03	-3.429941e+00
8.633366598610057e-03	-3.589400e+00
8.642916703874308e-03	-3.695694e+00
8.651979399922103e-03	-3.856809e+00
8.661218721001935e-03	-4.084582e+00
8.679517908026206e-03	-4.613602e+00
8.689283533026206e-03	-4.841445e+00
8.697973247058396e-03	-4.964889e+00
8.703164629959599e-03	-4.997808e+00
8.708310380968566e-03	-5.001928e+00
8.716189087919454e-03	-4.963883e+00
8.735720337919453e-03	-4.796079e+00
8.746139676863676e-03	-4.768629e+00
8.755273783984227e-03	-4.810137e+00
8.772141223499612e-03	-4.984100e+00
8.781906848499612e-03	-5.060525e+00
8.790310378416832e-03	-5.063127e+00
8.798039065414627e-03	-4.997000e+00
8.807926894101693e-03	-4.817852e+00
8.826671804733644e-03	-4.314905e+00
8.836437429733644e-03	-4.069608e+00
8.845988176061153e-03	-3.892837e+00
8.854973344400170e-03	-3.789340e+00
8.873089229201202e-03	-3.665426e+00
8.882854854201202e-03	-3.553179e+00
8.889365778848668e-03	-3.430617e+00
8.897066059907349e-03	-3.227250e+00
8.902052388820136e-03	-3.063199e+00
8.909724692083437e-03	-2.771627e+00
8.919490317083436e-03	-2.365316e+00
8.929255942083436e-03	-1.972089e+00
8.936864068336218e-03	-1.706168e+00
8.941855189824212e-03	-1.558224e+00
8.944561782522271e-03	-1.487203e+00
8.948927075148645e-03	-1.385583e+00
8.955759166761109e-03	-1.253423e+00
8.965524791761109e-03	-1.095330e+00
8.975290416761109e-03	-9.251917e-01
8.984031951034997e-03	-7.216668e-01
8.988198463203307e-03	-6.003963e-01
8.989783568361869e-03	-5.498215e-01
8.992105879240160e-03	-4.713285e-01
8.995866297519951e-03	-3.335418e-01
9.001831471102475e-03	-9.094648e-02
9.010702303137911e-03	3.066814e-01
9.020467928137911e-03	7.523856e-01
9.030233553137911e-03	1.152743e+00
9.035776665638852e-03	1.343856e+00
9.040064788258100e-03	1.470755e+00
9.043466710739780e-03	1.558464e+00
9.048898924874661e-03	1.676711e+00
9.057138053712317e-03	1.816773e+00
9.066903678712317e-03	1.957763e+00
9.076669303712316e-03	2.123028e+00
9.083372123531094e-03	2.273214e+00
9.091073396007949e-03	2.492393e+00
9.095961525443941e-03	2.656165e+00
9.103504713554726e-03	2.936659e+00
9.113270338554726e-03	3.317369e+00
9.123035963554725e-03	3.665790e+00
9.130833937409606e-03	3.887811e+00
9.138528428339678e-03	4.043275e+00
9.142768708133180e-03	4.101649e+00
9.149425270467649e-03	4.159481e+00
9.168795991920484e-03	4.218768e+00
9.177808536088808e-03	4.275264e+00
9.186184602430977e-03	4.379662e+00
9.195765229746827e-03	4.561289e+00
9.214303033249494e-03	4.981445e+00
9.224068658249493e-03	5.140232e+00
9.232087497859363e-03	5.197917e+00
9.237496958486543e-03	5.195281e+00
9.242846164741775e-03	5.161859e+00
9.250982281308733e-03	5.064681e+00
9.270513531308732e-03	4.767703e+00
9.280270896943589e-03	4.680011e+00
9.289887586127671e-03	4.662312e+00
9.307073879554564e-03	4.728301e+00
9.316839504554563e-03	4.736012e+00
9.324812240709017e-03	4.682172e+00
9.332502687885769e-03	4.564294e+00
9.336622050544131e-03	4.474292e+00
9.343106961657953e-03	4.299668e+00
9.362305145398434e-03	3.669427e+00
9.371573194915467e-03	3.393635e+00
9.380259155581149e-03	3.192692e+00
9.389687906814976e-03	3.040657e+00
9.408120616689893e-03	2.830744e+00
9.417886241689892e-03	2.670799e+00
9.423822213917944e-03	2.531812e+00
9.428229333382129e-03	2.404967e+00
9.431517257026695e-03	2.297283e+00
9.436777364198911e-03	2.103754e+00
9.444801601605416e-03	1.769387e+00
9.454567226605416e-03	1.334892e+00
9.464332851605415e-03	9.233421e-01
9.471393037571193e-03	6.667616e-01
9.474380616263519e-03	5.715259e-01
9.476176320101609e-03	5.182744e-01
9.479094782770040e-03	4.380402e-01
9.483789293795951e-03	3.244444e-01
9.491073666956956e-03	1.791002e-01
9.500839291956956e-03	1.401513e-02
9.510604916956955e-03	-1.665705e-01
9.518766001742453e-03	-3.644623e-01
9.522474874233456e-03	-4.737287e-01
9.523988260859616e-03	-5.220017e-01
9.526450726896365e-03	-6.050737e-01
9.530432820138882e-03	-7.507632e-01
9.536720721021750e-03	-1.005505e+00
9.555712729666547e-03	-1.841962e+00
9.565257266695430e-03	-2.207840e+00
9.572112266629278e-03	-2.418075e+00
9.577877945937384e-03	-2.557259e+00
9.583555441162822e-03	-2.663417e+00
9.592091851263113e-03	-2.780335e+00
9.601857476263112e-03	-2.889871e+00
9.611623101263112e-03	-3.025278e+00
9.620304947815990e-03	-3.200047e+00
9.625498949591362e-03	-3.333879e+00
9.630647154533389e-03	-3.486310e+00
9.648294631845290e-03	-4.080133e+00
9.658060256845289e-03	-4.372571e+00
9.665347592949732e-03	-4.535840e+00
9.673048484354728e-03	-4.644770e+00
9.677611728428102e-03	-4.678731e+00
9.684717553565494e-03	-4.693459e+00
9.704248803565494e-03	-4.634039e+00
9.716535041975940e-03	-4.659877e+00
9.724197942762585e-03	-4.731977e+00
9.739241774212244e-03	-4.964973e+00
9.749007399212244e-03	-5.116012e+00
9.758773024212243e-03	-5.203378e+00
9.768319686593535e-03	-5.191946e+00
9.777307026006489e-03	-5.088496e+00
9.785658871464558e-03	-4.929799e+00
9.805190121464557e-03	-4.505967e+00
9.814375244434603e-03	-4.366789e+00
9.824386257008516e-03	-4.287110e+00
9.841826005226534e-03	-4.248176e+00
9.851591630226534e-03	-4.193480e+00
9.859197038340640e-03	-4.094296e+00
9.866894790750829e-03	-3.930345e+00
9.871261828414087e-03	-3.809078e+00
9.878096355935615e-03	-3.584609e+00
9.897627605935615e-03	-2.846783e+00
9.906366193927105e-03	-2.553941e+00
9.912114276722242e-03	-2.393735e+00
9.918197995011219e-03	-2.254541e+00
9.924164059115437e-03	-2.144866e+00
9.942801526442720e-03	-1.869693e+00
9.952567151442720e-03	-1.676837e+00
9.958108268353742e-03	-1.530266e+00
9.962395800215929e-03	-1.395741e+00
9.965798285863579e-03	-1.276048e+00
9.971231347214778e-03	-1.063417e+00
9.979471521295673e-03	-7.031264e-01
9.989237146295673e-03	-2.551005e-01
9.999002771295673e-03	1.622238e-01
1.000000000000000e-02	2.011625e-01
