time	V(vquantised)
0.000000000000000e+000	1.320000e+002
2.330102856394661e-006	1.342819e+002
4.660205712789322e-006	1.364223e+002
6.990308569183984e-006	1.384210e+002
9.320411425578645e-006	1.402782e+002
1.165051428197331e-005	1.419937e+002
1.398061713836797e-005	1.435676e+002
1.631071999476262e-005	1.450000e+002
1.859643428047691e-005	1.462883e+002
2.088214856619120e-005	1.475162e+002
2.316786285190549e-005	1.486838e+002
2.545357713761977e-005	1.497909e+002
2.773929142333406e-005	1.508377e+002
3.002500570904835e-005	1.518240e+002
3.231071999476263e-005	1.527500e+002
3.488214856619119e-005	1.536468e+002
3.745357713761976e-005	1.546495e+002
4.002500570904832e-005	1.557579e+002
4.259643428047689e-005	1.569722e+002
4.516786285190546e-005	1.582923e+002
4.773929142333402e-005	1.597183e+002
5.031071999476258e-005	1.612500e+002
5.402500570904828e-005	1.637691e+002
5.773929142333399e-005	1.665319e+002
6.145357713761970e-005	1.695383e+002
6.516786285190540e-005	1.727883e+002
6.888214856619111e-005	1.762819e+002
7.259643428047681e-005	1.800191e+002
7.631071999476251e-005	1.840000e+002
7.959643428047679e-005	1.878375e+002
8.288214856619106e-005	1.914910e+002
8.616786285190534e-005	1.949607e+002
8.945357713761962e-005	1.982464e+002
9.273929142333389e-005	2.013482e+002
9.602500570904817e-005	2.042660e+002
9.931071999476244e-005	2.070000e+002
1.035964342804767e-004	2.098968e+002
1.078821485661910e-004	2.124351e+002
1.121678628519053e-004	2.146149e+002
1.164535771376196e-004	2.164364e+002
1.207392914233338e-004	2.178993e+002
1.250250057090481e-004	2.190039e+002
1.293107199947624e-004	2.197500e+002
1.340250057090481e-004	2.202235e+002
1.387392914233338e-004	2.210629e+002
1.434535771376195e-004	2.222684e+002
1.481678628519052e-004	2.238398e+002
1.528821485661909e-004	2.257772e+002
1.575964342804766e-004	2.280806e+002
1.623107199947623e-004	2.307500e+002
1.663107199947623e-004	2.336291e+002
1.703107199947623e-004	2.364532e+002
1.743107199947623e-004	2.392224e+002
1.783107199947622e-004	2.419367e+002
1.823107199947622e-004	2.445961e+002
1.863107199947622e-004	2.472005e+002
1.903107199947622e-004	2.497500e+002
1.954535771376193e-004	2.521009e+002
2.005964342804765e-004	2.538230e+002
2.057392914233336e-004	2.549162e+002
2.108821485661907e-004	2.553804e+002
2.160250057090479e-004	2.552158e+002
2.211678628519050e-004	2.544224e+002
2.263107199947621e-004	2.530000e+002
2.333107199947622e-004	2.510194e+002
2.403107199947623e-004	2.496989e+002
2.473107199947624e-004	2.490387e+002
2.543107199947625e-004	2.490387e+002
2.613107199947627e-004	2.496989e+002
2.683107199947627e-004	2.510194e+002
2.753107199947628e-004	2.530000e+002
2.821678628519059e-004	2.547408e+002
2.890250057090489e-004	2.553300e+002
2.958821485661919e-004	2.547674e+002
3.027392914233350e-004	2.530531e+002
3.095964342804780e-004	2.501871e+002
3.164535771376210e-004	2.461694e+002
3.233107199947640e-004	2.410000e+002
3.283107199947641e-004	2.371688e+002
3.333107199947642e-004	2.336980e+002
3.383107199947644e-004	2.305876e+002
3.433107199947645e-004	2.278376e+002
3.483107199947646e-004	2.254480e+002
3.533107199947647e-004	2.234188e+002
3.583107199947649e-004	2.217500e+002
3.620250057090507e-004	2.209780e+002
3.657392914233364e-004	2.201896e+002
3.694535771376223e-004	2.193846e+002
3.731678628519081e-004	2.185632e+002
3.768821485661939e-004	2.177253e+002
3.805964342804797e-004	2.168709e+002
3.843107199947655e-004	2.160000e+002
3.875964342804798e-004	2.147531e+002
3.908821485661942e-004	2.132432e+002
3.941678628519086e-004	2.114704e+002
3.974535771376229e-004	2.094347e+002
4.007392914233373e-004	2.071361e+002
4.040250057090517e-004	2.045745e+002
4.073107199947660e-004	2.017500e+002
4.091678628519090e-004	2.000566e+002
4.110250057090519e-004	1.982729e+002
4.128821485661948e-004	1.963989e+002
4.147392914233376e-004	1.944346e+002
4.165964342804805e-004	1.923800e+002
4.184535771376234e-004	1.902352e+002
4.203107199947664e-004	1.880000e+002
4.234535771376236e-004	1.848165e+002
4.265964342804808e-004	1.816584e+002
4.297392914233380e-004	1.785258e+002
4.328821485661953e-004	1.754187e+002
4.360250057090525e-004	1.723370e+002
4.391678628519097e-004	1.692808e+002
4.423107199947669e-004	1.662500e+002
4.453107199947670e-004	1.640181e+002
4.483107199947670e-004	1.619468e+002
4.513107199947671e-004	1.600361e+002
4.543107199947672e-004	1.582861e+002
4.573107199947673e-004	1.566968e+002
4.603107199947673e-004	1.552681e+002
4.633107199947674e-004	1.540000e+002
4.655964342804817e-004	1.530889e+002
4.678821485661961e-004	1.521600e+002
4.701678628519104e-004	1.512134e+002
4.724535771376248e-004	1.502491e+002
4.747392914233391e-004	1.492671e+002
4.770250057090535e-004	1.482674e+002
4.793107199947678e-004	1.472500e+002
4.815964342804821e-004	1.460424e+002
4.838821485661964e-004	1.447373e+002
4.861678628519108e-004	1.433348e+002
4.884535771376252e-004	1.418348e+002
4.907392914233395e-004	1.402373e+002
4.930250057090538e-004	1.385424e+002
4.953107199947681e-004	1.367500e+002
4.973107199947682e-004	1.350000e+002
4.993107199947682e-004	1.330000e+002
5.013107199947683e-004	1.310000e+002
5.023107199947683e-004	1.300000e+002
5.033107199947683e-004	1.290000e+002
5.043107199947683e-004	1.280000e+002
5.053107199947684e-004	1.270000e+002
5.063107199947684e-004	1.260000e+002
5.073107199947684e-004	1.250000e+002
5.093107199947685e-004	1.227500e+002
5.123107199947685e-004	1.190000e+002
5.153107199947686e-004	1.157500e+002
5.183107199947687e-004	1.120000e+002
5.213107199947688e-004	1.087500e+002
5.243107199947688e-004	1.050000e+002
5.267392914233404e-004	1.025309e+002
5.291678628519118e-004	1.000872e+002
5.315964342804833e-004	9.766890e+001
5.340250057090548e-004	9.527604e+001
5.364535771376263e-004	9.290861e+001
5.388821485661977e-004	9.056659e+001
5.413107199947692e-004	8.825000e+001
5.433107199947693e-004	8.700000e+001
5.453107199947693e-004	8.525000e+001
5.464535771376266e-004	8.460714e+001
5.475964342804837e-004	8.396429e+001
5.487392914233409e-004	8.332143e+001
5.498821485661980e-004	8.267857e+001
5.510250057090552e-004	8.203571e+001
5.521678628519123e-004	8.139286e+001
5.533107199947695e-004	8.075000e+001
5.545964342804838e-004	8.016389e+001
5.558821485661981e-004	7.959457e+001
5.571678628519124e-004	7.904206e+001
5.584535771376269e-004	7.850635e+001
5.597392914233412e-004	7.798743e+001
5.610250057090555e-004	7.748532e+001
5.623107199947698e-004	7.700000e+001
5.640250057090555e-004	7.628709e+001
5.657392914233413e-004	7.560943e+001
5.674535771376271e-004	7.496704e+001
5.691678628519127e-004	7.435989e+001
5.708821485661985e-004	7.378801e+001
5.725964342804843e-004	7.325138e+001
5.743107199947700e-004	7.275000e+001
5.754535771376273e-004	7.214594e+001
5.765964342804844e-004	7.157657e+001
5.777392914233416e-004	7.104188e+001
5.788821485661987e-004	7.054188e+001
5.800250057090559e-004	7.007657e+001
5.811678628519130e-004	6.964594e+001
5.823107199947702e-004	6.925000e+001
5.833107199947703e-004	6.862678e+001
5.843107199947703e-004	6.800893e+001
5.853107199947703e-004	6.739643e+001
5.863107199947703e-004	6.678928e+001
5.873107199947704e-004	6.618750e+001
5.883107199947704e-004	6.559107e+001
5.893107199947704e-004	6.500000e+001
5.923107199947705e-004	6.300000e+001
5.943107199947705e-004	6.125000e+001
5.963107199947706e-004	6.000000e+001
5.983107199947706e-004	5.800000e+001
6.013107199947707e-004	5.600000e+001
6.203107199947712e-004	3.700000e+001
6.213107199947712e-004	3.625000e+001
6.223107199947712e-004	3.575000e+001
6.233107199947712e-004	3.500000e+001
6.273107199947713e-004	3.100000e+001
6.283107199947714e-004	3.025000e+001
6.293107199947714e-004	2.975000e+001
6.303107199947714e-004	2.900000e+001
6.313107199947714e-004	2.800000e+001
6.323107199947715e-004	2.725000e+001
6.333107199947715e-004	2.675000e+001
6.353107199947715e-004	2.525000e+001
6.433107199947717e-004	2.125000e+001
6.453107199947718e-004	2.075000e+001
6.463107199947718e-004	2.025000e+001
6.473107199947718e-004	2.000000e+001
6.483107199947718e-004	2.000000e+001
6.493107199947719e-004	1.975000e+001
6.503107199947719e-004	1.925000e+001
6.513107199947719e-004	1.900000e+001
6.543107199947720e-004	1.900000e+001
6.553107199947720e-004	1.875000e+001
6.563107199947720e-004	1.825000e+001
6.573107199947721e-004	1.800000e+001
6.733107199947725e-004	1.800000e+001
6.743107199947725e-004	1.775000e+001
6.753107199947725e-004	1.725000e+001
6.763107199947725e-004	1.700000e+001
6.803107199947726e-004	1.700000e+001
6.813107199947726e-004	1.675000e+001
6.823107199947727e-004	1.625000e+001
6.833107199947727e-004	1.600000e+001
6.843107199947727e-004	1.600000e+001
6.853107199947727e-004	1.575000e+001
6.863107199947728e-004	1.525000e+001
6.883107199947728e-004	1.475000e+001
6.893107199947728e-004	1.425000e+001
6.913107199947729e-004	1.375000e+001
6.923107199947729e-004	1.325000e+001
6.943107199947730e-004	1.275000e+001
7.023107199947732e-004	8.750000e+000
7.043107199947732e-004	7.250000e+000
7.093107199947733e-004	4.750000e+000
7.113107199947734e-004	3.250000e+000
7.173107199947735e-004	2.500000e-001
7.183107199947735e-004	0.000000e+000
7.243107199947737e-004	0.000000e+000
7.303107199947738e-004	0.000000e+000
7.363107199947740e-004	0.000000e+000
7.423107199947741e-004	0.000000e+000
7.483107199947743e-004	0.000000e+000
7.543107199947744e-004	0.000000e+000
7.603107199947746e-004	0.000000e+000
7.613107199947746e-004	2.500000e-001
7.643107199947747e-004	1.750000e+000
7.663107199947747e-004	2.250000e+000
7.693107199947748e-004	3.750000e+000
7.713107199947748e-004	4.250000e+000
7.743107199947749e-004	5.750000e+000
7.763107199947750e-004	6.250000e+000
7.773107199947750e-004	6.750000e+000
7.783107199947750e-004	7.000000e+000
7.793107199947750e-004	7.000000e+000
7.803107199947751e-004	7.250000e+000
7.813107199947751e-004	7.750000e+000
7.823107199947751e-004	8.000000e+000
7.843107199947752e-004	8.000000e+000
7.853107199947752e-004	8.250000e+000
7.863107199947752e-004	8.750000e+000
7.873107199947752e-004	9.000000e+000
7.895964342804896e-004	9.000000e+000
7.918821485662039e-004	9.000000e+000
7.941678628519182e-004	9.000000e+000
7.964535771376326e-004	9.000000e+000
7.987392914233470e-004	9.000000e+000
8.010250057090613e-004	9.000000e+000
8.033107199947756e-004	9.000000e+000
8.043107199947756e-004	8.750000e+000
8.053107199947757e-004	8.250000e+000
8.063107199947757e-004	8.000000e+000
8.088821485662043e-004	8.000000e+000
8.114535771376330e-004	8.000000e+000
8.140250057090616e-004	8.000000e+000
8.165964342804902e-004	8.000000e+000
8.191678628519188e-004	8.000000e+000
8.217392914233475e-004	8.000000e+000
8.243107199947761e-004	8.000000e+000
8.253107199947762e-004	8.250000e+000
8.263107199947762e-004	8.750000e+000
8.273107199947762e-004	9.000000e+000
8.283107199947762e-004	9.000000e+000
8.293107199947762e-004	9.250000e+000
8.303107199947763e-004	9.750000e+000
8.323107199947763e-004	1.025000e+001
8.403107199947765e-004	1.425000e+001
8.423107199947766e-004	1.575000e+001
8.433107199947766e-004	1.625000e+001
8.453107199947766e-004	1.775000e+001
8.463107199947767e-004	1.825000e+001
8.473107199947767e-004	1.900000e+001
8.483107199947767e-004	2.000000e+001
8.493107199947767e-004	2.075000e+001
8.503107199947768e-004	2.125000e+001
8.513107199947768e-004	2.200000e+001
8.553107199947769e-004	2.600000e+001
8.563107199947769e-004	2.675000e+001
8.573107199947769e-004	2.725000e+001
8.583107199947770e-004	2.800000e+001
8.633107199947771e-004	3.300000e+001
8.643107199947771e-004	3.375000e+001
8.653107199947771e-004	3.425000e+001
8.663107199947771e-004	3.500000e+001
8.693107199947772e-004	3.800000e+001
8.703107199947772e-004	3.875000e+001
8.713107199947773e-004	3.925000e+001
8.723107199947773e-004	4.000000e+001
8.733107199947773e-004	4.100000e+001
8.743107199947773e-004	4.175000e+001
8.753107199947774e-004	4.225000e+001
8.773107199947774e-004	4.375000e+001
8.783107199947774e-004	4.425000e+001
8.803107199947775e-004	4.575000e+001
8.813107199947775e-004	4.625000e+001
8.833107199947776e-004	4.775000e+001
8.841678628519204e-004	4.823479e+001
8.850250057090633e-004	4.867703e+001
8.858821485662062e-004	4.907673e+001
8.867392914233491e-004	4.943387e+001
8.875964342804919e-004	4.974846e+001
8.884535771376349e-004	5.002051e+001
8.893107199947777e-004	5.025000e+001
8.923107199947778e-004	5.175000e+001
8.943107199947778e-004	5.225000e+001
8.963107199947779e-004	5.300000e+001
8.971678628519207e-004	5.328571e+001
8.980250057090636e-004	5.357143e+001
8.988821485662065e-004	5.385714e+001
8.997392914233494e-004	5.414286e+001
9.005964342804923e-004	5.442857e+001
9.014535771376352e-004	5.471429e+001
9.023107199947780e-004	5.500000e+001
9.043107199947781e-004	5.525000e+001
9.063107199947781e-004	5.600000e+001
9.078821485662067e-004	5.650949e+001
9.094535771376354e-004	5.702773e+001
9.110250057090640e-004	5.755470e+001
9.125964342804925e-004	5.809041e+001
9.141678628519211e-004	5.863487e+001
9.157392914233498e-004	5.918806e+001
9.173107199947784e-004	5.975000e+001
9.185964342804927e-004	6.039286e+001
9.198821485662070e-004	6.103571e+001
9.211678628519213e-004	6.167857e+001
9.224535771376357e-004	6.232143e+001
9.237392914233500e-004	6.296429e+001
9.250250057090643e-004	6.360714e+001
9.263107199947786e-004	6.425000e+001
9.283107199947787e-004	6.575000e+001
9.303107199947787e-004	6.700000e+001
9.323107199947788e-004	6.875000e+001
9.343107199947788e-004	7.000000e+001
9.367392914233503e-004	7.238802e+001
9.391678628519217e-004	7.480146e+001
9.415964342804932e-004	7.724033e+001
9.440250057090648e-004	7.970461e+001
9.464535771376363e-004	8.219432e+001
9.488821485662077e-004	8.470945e+001
9.513107199947792e-004	8.725000e+001
9.533107199947793e-004	9.000000e+001
9.543107199947793e-004	9.091786e+001
9.553107199947793e-004	9.191072e+001
9.563107199947793e-004	9.297857e+001
9.573107199947794e-004	9.412143e+001
9.583107199947794e-004	9.533929e+001
9.593107199947794e-004	9.663214e+001
9.603107199947794e-004	9.800000e+001
9.627392914233510e-004	1.004286e+002
9.651678628519224e-004	1.028571e+002
9.675964342804939e-004	1.052857e+002
9.700250057090654e-004	1.077143e+002
9.724535771376369e-004	1.101429e+002
9.748821485662083e-004	1.125714e+002
9.773107199947798e-004	1.150000e+002
9.803107199947796e-004	1.170000e+002
9.823107199947794e-004	1.187500e+002
9.843107199947793e-004	1.200000e+002
9.863107199947791e-004	1.212500e+002
9.883107199947789e-004	1.222500e+002
9.903107199947788e-004	1.237500e+002
9.913107199947787e-004	1.242500e+002
9.923107199947786e-004	1.247500e+002
9.933107199947785e-004	1.252500e+002
9.943107199947784e-004	1.257500e+002
9.953107199947783e-004	1.260000e+002
9.963107199947782e-004	1.262500e+002
9.973107199947782e-004	1.267500e+002
9.983107199947781e-004	1.272500e+002
9.993107199947780e-004	1.277960e+002
1.000000000000000e-003	1.280000e+002
